a = 1874919424
b = -7335632962598440505
c = 3.140000
d = 3.141593
e = 1.234567890123456
f = 1234567890123456.0
g = 2.300000e-308
h = 1.700000e+308
